   0.0000000000000000        1.0000000000000000        0.0000000000000000        2.5000001490116208        1.0000000000000000     
   1.0000000000000000E-002  0.99999996038242334        4.6876147632552975E-008   2.5000001093940476       0.99999994453539565     
   2.0000000000000000E-002  0.99999982299974433        2.0942951600171956E-007   2.4999999720114183       0.99999975219968007     
   2.9999999999999999E-002  0.99999928961739482        8.4053592842079488E-007   2.4999994386297244       0.99999900546485510     
   4.0000000000000001E-002  0.99999742194832075        3.0503911540599220E-006   2.4999975709676945       0.99999639073347024     
   5.0000000000000003E-002  0.99999149321310732        1.0065363800305981E-005   2.4999916422944111       0.99998809055537219     
   6.0000000000000005E-002  0.99997435818512304        3.0339829035326810E-005   2.4999745077147315       0.99996410192997431     
   7.0000000000000007E-002  0.99992910888832531        8.3879976508389098E-005   2.4999292610973485       0.99990075573443560     
   8.0000000000000002E-002  0.99981960446466234        2.1345166665896032E-004   2.4998197698945397       0.99974746583796470     
   8.9999999999999997E-002  0.99957613707001791        5.0155592466019064E-004   2.4995763561277977       0.99940669177862584     
   9.9999999999999992E-002  0.99907769009903147        1.0914889948592087E-003   2.4990780859766635       0.99870920507815852     
  0.10999999999999999       0.99813596519948833        2.2064816201749246E-003   2.4981368225506211       0.99739202398157800     
  0.11999999999999998       0.99649004841869726        4.1566859724643012E-003   2.4964917933341515       0.99509163189448491     
  0.12999999999999998       0.99382108621889187        7.3233187481305034E-003   2.4938237595235409       0.99136579592125684     
  0.13999999999999999       0.98979080087143101        1.2115711367471858E-002   2.4897922546271438       0.98574932912911262     
  0.14999999999999999       0.98409690575730091        1.8909166039880427E-002   2.4840888726252794       0.97783361098724331     
  0.16000000000000000       0.97652837786398239        2.7982577355185601E-002   2.4764901673477016       0.96734511270819601     
  0.17000000000000001       0.96700145121773384        3.9476808721295949E-002   2.4668922124107988       0.95419528288511313     
  0.18000000000000002       0.95556540163069270        5.3385754635691951E-002   2.4553168874796238       0.93848629114789028     
  0.19000000000000003       0.94238036650156598        6.9577885607918208E-002   2.4418921657238912       0.92047643877219887     
  0.20000000000000004       0.92767925142490948        8.7835638805399699E-002   2.4268175143794113       0.90052324835836917     
  0.21000000000000005       0.91172773758913950       0.10789781894138091        2.4103272051945135       0.87902481546265399     
  0.22000000000000006       0.89479208853665937       0.12949453829177887        2.3926604255895545       0.85637339670508084     
  0.23000000000000007       0.87711833366040060       0.15237056311748515        2.3740415755967543       0.83292610668490719     
  0.24000000000000007       0.85892188681039994       0.17629772036526525        2.3546700397736182       0.80899100513168587     
  0.25000000000000006       0.84038468108447884       0.20107921630729342        2.3347168852975786       0.78482407525017828     
  0.26000000000000006       0.82165678437756162       0.22654896547804668        2.3143257756773785       0.76063254460083707     
  0.27000000000000007       0.80286017780777141       0.25256835963999213        2.2936159990528009       0.73658113562525285     
  0.28000000000000008       0.78409322546234062       0.27902205920740236        2.2726862568405899       0.71279911654988803     
  0.29000000000000009       0.76543503422563142       0.30581369707669720        2.2516184606435807       0.68938702030364230     
  0.30000000000000010       0.74694934085098952       0.33286192037704110        2.2304811850982915       0.66642254067399997     
  0.31000000000000011       0.72868781461617593       0.36009692207830218        2.2093326572897407       0.64396547593690823     
  0.32000000000000012       0.71069279114105932       0.38745747027980193        2.1882232843119787       0.62206176834924143     
  0.33000000000000013       0.69299950750957495       0.41488837657793276        2.1671977749419726       0.60074676047695408     
  0.34000000000000014       0.67563792468762551       0.44233832105110976        2.1462969297637291       0.58004780678204981     
  0.35000000000000014       0.65863422041730946       0.46975794898912782        2.1255591746750171       0.55998637060738521     
  0.36000000000000015       0.64201202514680478       0.49709816195128320        2.1050219055092390       0.54057971839268493     
  0.37000000000000016       0.62579346048088880       0.52430853735618943        2.0847227014689014       0.52184230229388928     
  0.38000000000000017       0.61000002638788264       0.55133582432270356        2.0647004542716219       0.50378690260746384     
  0.39000000000000018       0.59465337060058987       0.57812247864383681        2.0449964488090218       0.48642558346698267     
  0.40000000000000019       0.57977596106411866       0.60460521756346852        2.0256554192313434       0.46977049898733153     
  0.41000000000000020       0.56539166923757656       0.63071359723485654        2.0067265906358438       0.45383457166256230     
  0.42000000000000021       0.55152625768693397       0.65636864470643297        1.9882646995254307       0.43863204946360979     
  0.43000000000000022       0.53820774886521050       0.68148161454268441        1.9703309643267897       0.42417893184886030     
  0.44000000000000022       0.52546663268829708       0.70595298987109123        1.9529939491282009       0.41049323717630098     
  0.45000000000000023       0.51333584857476200       0.72967190931986425        1.9363302289266400       0.39759506477629397     
  0.46000000000000024       0.50185045439012599       0.75251627207551020        1.9204247246951975       0.38550638530615444     
  0.47000000000000025       0.49104687365307897       0.77435384397891904        1.9053705371650440       0.37425047586316501     
  0.48000000000000026       0.48096159976930186       0.79504473941904330        1.8912680815720100       0.36385090715499163     
  0.49000000000000027       0.47162924168427317       0.81444565575736216        1.8782233328891564       0.35432999736197351     
  0.50000000000000022       0.46307983158956439       0.83241614665043773        1.8663450627805720       0.34570668233845164     
  0.51000000000000023       0.45533539429137609       0.84882699236494619        1.8557411208622174       0.33799382584220411     
  0.52000000000000024       0.44840590531773650       0.86357033035749575        1.8465141098957858       0.33119511271114949     
  0.53000000000000025       0.44228493155213650       0.87657066787265714        1.8387572195153785       0.32530182500024152     
  0.54000000000000026       0.43694542195023484       0.88779531124223932        1.8325514445001967       0.32028996657428949     
  0.55000000000000027       0.43233624108132240       0.89726230651206629        1.8279657686305113       0.31611832085189689     
  0.56000000000000028       0.42838005012867825       0.90504393480629386        1.8250619308219969       0.31272802992534349     
  0.57000000000000028       0.42497299588149273       0.91126432902763610        1.8239049108230208       0.31004411518209996     
  0.58000000000000029       0.42198638386077048       0.91609087280521906        1.8245792142130763       0.30797901551233997     
  0.59000000000000030       0.41927017825336188       0.91972044127034980        1.8272095596099500       0.30643777284044854     
  0.60000000000000031       0.41665792943788443       0.92236278120375104        1.8319830433488298       0.30532408644408021     
  0.61000000000000032       0.41397270000927389       0.92422394677091957        1.8391687218103825       0.30454623846380824     
  0.62000000000000033       0.41103376355424553       0.92549248697430175        1.8491301400023705       0.30402195017758388     
  0.63000000000000034       0.40766417254911058       0.92633015095617477        1.8623267405764008       0.30368153778443296     
  0.64000000000000035       0.40369952127281500       0.92686763039060582        1.8793011708977658       0.30346917511937405     
  0.65000000000000036       0.39899815957772455       0.92720474018010735        1.9006510000126897       0.30334248232122796     
  0.66000000000000036       0.39345265458526507       0.92741374968080781        1.9269849922233986       0.30327092613814810     
  0.67000000000000037       0.38700154654186580       0.92754438930384742        1.9588656724790094       0.30323359981272735     
  0.68000000000000038       0.37963967107263874       0.92762925975637212        1.9967413967655687       0.30321688076094516     
  0.69000000000000039       0.37142486739462727       0.92768877252858806        2.0408725698737151       0.30321231138100757     
  0.70000000000000040       0.36247903524793013       0.92773517561771845        2.0912581769128900       0.30321488049567552     
  0.71000000000000041       0.35298231399676094       0.92777555489602959        2.1475705235839717       0.30322174708093674     
  0.72000000000000042       0.34316044754894892       0.92781390581337719        2.2091078967625468       0.30323136374078236     
  0.73000000000000043       0.33326677912550595       0.92785246051007975        2.2747762172203689       0.30324291918304630     
  0.74000000000000044       0.32356136125470247       0.92789247876721570        2.3431106381253408       0.30325600898141619     
  0.75000000000000044       0.31429007570728767       0.92793472370671870        2.4123451744408020       0.30327044092651589     
  0.76000000000000045       0.30566642215085665       0.92797974227357649        2.4805320384241094       0.30328612320900478     
  0.77000000000000046       0.29785788809346209       0.92802801352992392        2.5457024675202788       0.30330300619769318     
  0.78000000000000047       0.29097789596184792       0.92807985681764504        2.6060495849096883       0.30332111191635908     
  0.79000000000000048       0.28508335699990217       0.92813535493608412        2.6601041626065558       0.30334055177760932     
  0.80000000000000049       0.28017722637568654       0.92819465082726227        2.7068708845706784       0.30336141255669519     
  0.81000000000000050       0.27621525367912669       0.92825801102350536        2.7458995874786685       0.30338372237005179     
  0.82000000000000051       0.27311548718284251       0.92832723629268976        2.7772772466783255       0.30340695322288497     
  0.83000000000000052       0.27077093263945340       0.92840070281640752        2.8015536221028672       0.30343169675255327     
  0.84000000000000052       0.26906008022730049       0.92847907019968112        2.8196088653854248       0.30345765692459714     
  0.85000000000000053       0.26786075179058311       0.92855761722398988        2.8325000950459973       0.30348622387317792     
  0.86000000000000054       0.26705353201805337       0.92864087735827394        2.8413351857937745       0.30351542071442983     
  0.87000000000000055       0.26653417160648724       0.92874018096053923        2.8471096053268021       0.30354078195901923     
  0.88000000000000056       0.26622558133125823       0.92881685014023085        2.8507357627186378       0.30357549616612017     
  0.89000000000000057       0.26602335999188437       0.92900469560724130        2.8530776535063866       0.30359410338579235     
  0.90000000000000058       0.26613061194644827       0.92940942395186088        2.8542631655295296       0.30384270304899463     
  0.91000000000000059       0.26733293566024957       0.93649373406497949        2.8623055883142419       0.30607540402879679     
  0.92000000000000060       0.26443416449418511       0.92147537845533700        2.8475211281089532       0.30119273020392545     
  0.93000000000000060       0.21308735949323060       0.65791235692094485        2.6191330751209323       0.22324164714932199     
  0.94000000000000061       0.15035512184820313       0.21911402612408973        2.1997394426491010       0.13229682888801567     
  0.95000000000000062       0.12749466611255572        2.1572485971252223E-002   2.0173338410968769       0.10287971567117306     
  0.96000000000000063       0.12515412111919447        1.3086335567681986E-003   2.0009970656360525       0.10017320567391820     
  0.97000000000000064       0.12500894623338626        7.5762029055346085E-005   2.0000574585252449       0.10001002415752389     
  0.98000000000000065       0.12500051703589909        4.3775216220563708E-006   2.0000034582767352       0.10000058058277182     
  0.99000000000000066       0.12500002993986287        2.5348333728243398E-007   2.0000003406277096       0.10000003502281293     
   1.0000000000000007       0.12500002993986287        2.5348333728243398E-007   2.0000003406277096       0.10000003502281293     
