   0.0000000000000000        1.0000000000000000        0.0000000000000000        2.5000001490116208        1.0000000000000000     
   1.0000000000000000E-002  0.99999996841456040        3.7372395827977421E-008   2.5000001174261812       0.99999995578038570     
   2.0000000000000000E-002  0.99999985780628953        1.6824587535380138E-007   2.5000000068178854       0.99999980092880680     
   2.9999999999999999E-002  0.99999942509774287        6.8023367770361062E-007   2.4999995741089664       0.99999919513682711     
   4.0000000000000001E-002  0.99999789872458811        2.4862647066708635E-006   2.4999980477310908       0.99999705821419238     
   5.0000000000000003E-002  0.99999301850180178        8.2606435782809952E-006   2.4999931674589120       0.99999022590038134     
   6.0000000000000005E-002  0.99997881472507844        2.5066972742517527E-005   2.4999789632532736       0.99997034060177514     
   7.0000000000000007E-002  0.99994104787463667        6.9754783783130720E-005   2.4999411932883011       0.99991746697694039     
   8.0000000000000002E-002  0.99984903134904801        1.7863961566188432E-004   2.4998491577329069       0.99978864395914180     
   8.9999999999999997E-002  0.99964306931339197        4.2238825357248939E-004   2.4996430973293706       0.99950029962608256     
   9.9999999999999992E-002  0.99921856281922183        9.2490747039186282E-004   2.4992181584994095       0.99890601106355126     
  0.10999999999999999       0.99841103401921716        1.8813261273272256E-003   2.4984090059435076       0.99777558813872969     
  0.11999999999999998       0.99698962181215844        3.5663705105387074E-003   2.4969823532354627       0.99578613745606037     
  0.12999999999999998       0.99466731343207238        6.3236780054193508E-003   2.4946454140955798       0.99253684164182665     
  0.13999999999999999       0.99113180212396945        1.0531639689965988E-002   2.4910742781683584       0.98759311655312820     
  0.14999999999999999       0.98609197633418844        1.6551378725467442E-002   2.4859580465004867       0.98055325481748534     
  0.16000000000000000       0.97932646958059943        2.4671936589461881E-002   2.4790465134795108       0.97111829010562900     
  0.17000000000000001       0.97071841921688085        3.5070127112746055E-002   2.4701865387948465       0.95914217167456894     
  0.18000000000000002       0.96026650797195157        4.7796007946670660E-002   2.4593369240945711       0.94464749570532791     
  0.19000000000000003       0.94807248183653769        6.2784021300287388E-002   2.4465605252850318       0.92780662836652561     
  0.20000000000000004       0.93431337657732338        7.9881235931393388E-002   2.4320001661254547       0.90890006064504547     
  0.21000000000000005       0.91920912767725149        9.8881396650833828E-002   2.4158481443916004       0.88826781321787318     
  0.22000000000000006       0.90299386422291728       0.11955582640009303        2.3983177403719718       0.86626642997163894     
  0.23000000000000007       0.88589496003597423       0.14167658387633775        2.3796214562232501       0.84323781168376399     
  0.24000000000000007       0.86812032718850851       0.16503107266012232        2.3599571402755384       0.81949065706129043     
  0.25000000000000006       0.84985244586447051       0.18942948186061523        2.3395009098262061       0.79529218072407137     
  0.26000000000000006       0.83124703220177787       0.21470716184611327        2.3184049406804905       0.77086684460579147     
  0.27000000000000007       0.81243445576520235       0.24072389229462937        2.2967982497204886       0.74639916991679367     
  0.28000000000000008       0.79352251812339825       0.26736151545638287        2.2747890378110442       0.72203848715647867     
  0.29000000000000009       0.77459970249255083       0.29452089944199045        2.2524676520157101       0.69790426765184699     
  0.30000000000000010       0.75573838960027251       0.32211879283485706        2.2299096237119906       0.67409128301232590     
  0.31000000000000011       0.73699779334090953       0.35008485484719287        2.2071785128901751       0.65067423862060259     
  0.32000000000000012       0.71842652641926885       0.37835897262613050        2.1843284583249565       0.62771176533472306     
  0.33000000000000013       0.70006479291394685       0.40688887751619807        2.1614064300281530       0.60524978186051248     
  0.34000000000000014       0.68194624813997751       0.43562801760833131        2.1384542323490070       0.58332430145894454     
  0.35000000000000014       0.66409958512529899       0.46453361474279969        2.1155103336183694       0.56196378045804329     
  0.36000000000000015       0.64654991351739211       0.49356481687019516        2.0926116148940852       0.54119111119659857     
  0.37000000000000016       0.62931999816684492       0.52268084254168601        2.0697951449721348       0.52102535968031005     
  0.38000000000000017       0.61243142536704243       0.55183899737072684        2.0471001072951296       0.50148334474117429     
  0.39000000000000018       0.59590576737794498       0.58099241821274683        2.0245700309314700       0.48258115439296301     
  0.40000000000000019       0.57976582201829596       0.61008736606904801        2.0022555152559036       0.46433569820063625     
  0.41000000000000020       0.56403701461767641       0.63905984091899970        1.9802176867516399       0.44676640230205211     
  0.42000000000000021       0.54874906429973569       0.66783123107507436        1.9585326807944474       0.42989716477069306     
  0.43000000000000022       0.53393803307298726       0.69630264367916606        1.9372974805821168       0.41375869784176600     
  0.44000000000000022       0.51964888720738545       0.72434751667327202        1.9166374141548870       0.39839137603227326     
  0.45000000000000023       0.50593868736860814       0.75180215069112510        1.8967153799657699       0.38384865298152898     
  0.46000000000000024       0.49288044652751140       0.77845407397849842        1.8777421844116422       0.37020094046084506     
  0.47000000000000025       0.48056746607949902       0.80402893922336560        1.8599857640916095       0.35753943692636586     
  0.48000000000000026       0.46911741114653155       0.82817853486214243        1.8437739472179253       0.34597856372138730     
  0.49000000000000027       0.45867425712920079       0.85047609632979604        1.8294806838757303       0.33565425743701516     
  0.50000000000000022       0.44940424215293057       0.87043077527056911        1.8174815346619619       0.32671354521103568     
  0.51000000000000023       0.44147939530994257       0.88753866652728519        1.8080681366953391       0.31928991203581020     
  0.52000000000000024       0.43504155360911811       0.90138499266195626        1.8013349053371206       0.31346219563147393     
  0.53000000000000025       0.43014726494328004       0.91178660632091646        1.7970929472378796       0.30920582801118823     
  0.54000000000000026       0.42671432162030420       0.91891352532317339        1.7948854297276911       0.30636130915240989     
  0.55000000000000027       0.42450974795875268       0.92329615684982902        1.7941227123600998       0.30464901401392652     
  0.56000000000000028       0.42320321566049074       0.92567965071396829        1.7942585833106084       0.30373438276941334     
  0.57000000000000028       0.42245825779346330       0.92680545347393295        1.7949050359094356       0.30330896367138144     
  0.58000000000000029       0.42200388460088856       0.92724981533505546        1.7958556362143390       0.30314320379719645     
  0.59000000000000030       0.42165430529491316       0.92737848279289403        1.7970610036357604       0.30309538555835247     
  0.60000000000000031       0.42128519200380693       0.92738572370605410        1.7986138684106547       0.30309173749196061     
  0.61000000000000032       0.42079012677340977       0.92735849526509651        1.8007779737569705       0.30309981868102570     
  0.62000000000000033       0.42003385056873083       0.92732883983813430        1.8040685425815444       0.30310792458553648     
  0.63000000000000034       0.41881025552528228       0.92730534946629639        1.8093699067197271       0.30311305112227122     
  0.64000000000000035       0.41681263008238501       0.92728841129534023        1.8180542499641670       0.30311517135693572     
  0.65000000000000036       0.41362879607717629       0.92727633952057331        1.8320472015074436       0.30311497325937214     
  0.66000000000000036       0.40877668602862105       0.92726738380497797        1.8537820579641926       0.30311313644261600     
  0.67000000000000037       0.40178947277461785       0.92726019217311273        1.8860013418039767       0.30311017584348121     
  0.68000000000000038       0.39234152963804475       0.92725380679528069        1.9313942510163558       0.30310645184459967     
  0.69000000000000039       0.38038305752966994       0.92724756473910286        1.9920854947300646       0.30310221047207020     
  0.70000000000000040       0.36623460704640753       0.92724100571865786        2.0690127937055047       0.30309761692466330     
  0.71000000000000041       0.35059556553452226       0.92723380577661307        2.1612708825184956       0.30309277686620884     
  0.72000000000000042       0.33444695723539264       0.92722572992016261        2.2655892134514617       0.30308774944822842     
  0.73000000000000043       0.31886909803490021       0.92721659580330240        2.3762303685629722       0.30308255567359621     
  0.74000000000000044       0.30482954606775736       0.92720625259809331        2.4856284827526411       0.30307718277142154     
  0.75000000000000044       0.29300852659784510       0.92719456676306877        2.5858599661947634       0.30307158940875695     
  0.76000000000000045       0.28371192652250576       0.92718139993388837        2.6705410016832407       0.30306571491383244     
  0.77000000000000046       0.27688576865296971       0.92716659949680080        2.7363224915373499       0.30305948447693737     
  0.78000000000000047       0.27220935648629940       0.92715001495328941        2.7832697515478575       0.30305280913529381     
  0.79000000000000048       0.26922319480294593       0.92713148843030058        2.8140741573311772       0.30304559595671676     
  0.80000000000000049       0.26744794008747597       0.92711080894519715        2.8326800839041573       0.30303776328433490     
  0.81000000000000050       0.26646649257994309       0.92708774231339586        2.8430333111190320       0.30302922781878167     
  0.82000000000000051       0.26596192439972854       0.92706213046157204        2.8483391083145988       0.30301988217474951     
  0.83000000000000052       0.26571968040693328       0.92703380963333737        2.8508393934037666       0.30300963494191502     
  0.84000000000000052       0.26560916825123532       0.92700241223357771        2.8519203157067503       0.30299845512935181     
  0.85000000000000053       0.26555866950762219       0.92696762635235430        2.8523479802277016       0.30298627578141835     
  0.86000000000000054       0.26553259115562106       0.92692957533901998        2.8525021010065066       0.30297289160425167     
  0.87000000000000055       0.26551513503116247       0.92688829636584502        2.8525519924732534       0.30295827292825767     
  0.88000000000000056       0.26550007113014695       0.92684197287777470        2.8525644327077138       0.30294240585811455     
  0.89000000000000057       0.26548505631916092       0.92678905587562155        2.8525564587795884       0.30292442678937020     
  0.90000000000000058       0.26545880104936970       0.92667837653767060        2.8524960632389837       0.30288805592465101     
  0.91000000000000059       0.26528029499551770       0.92586120282095186        2.8517306259215731       0.30260315864033605     
  0.92000000000000060       0.26294244606448947       0.91462256871747671        2.8419167163528867       0.29890419534767648     
  0.93000000000000060       0.24061777874748758       0.80341033755347568        2.7393973844329040       0.26365906978426296     
  0.94000000000000061       0.17283771040356860       0.38816915467100610        2.3493629161867502       0.16242339325511834     
  0.95000000000000062       0.13108380634407776        5.1841352544885151E-002   2.0408630415961868       0.10700963190948055     
  0.96000000000000063       0.12539380342854664        3.3359250652576101E-003   2.0025288144463422       0.10044187582067138     
  0.97000000000000064       0.12502319980487991        1.9642534907612132E-004   2.0001486566420517       0.10002598809351471     
  0.98000000000000065       0.12500135974394960        1.1512163948503468E-005   2.0000088514722165       0.10000152441302912     
  0.99000000000000066       0.12500007967746307        6.7458168307826363E-007   2.0000006589477319       0.10000009072890782     
   1.0000000000000007       0.12500007967746307        6.7458168307826363E-007   2.0000006589477319       0.10000009072890782     
